CpNo SMILES VP_N_BP_N_ParA VP_N_BP_N_ParB VP_N_BP_SB_ParA VP_N_BP_SB_ParB VP_N_BP_JR_ParA VP_N_BP_JR_ParB VP_MY_BP_N_ParA VP_MY_BP_N_ParB VP_MY_BP_SB_ParA VP_MY_BP_SB_ParB VP_MY_BP_JR_ParA VP_MY_BP_JR_ParB EVAP_ParA EVAP_ParB EVAP2_ParA EVAP2_ParB SIMPOL_ParA SIMPOL_ParB
2 O=C(OON(=O)=O)CC(=O)CC(=O)C(=O)C 4.02465E+00 -5.59179E+04 4.02945E+00 -5.61315E+04 4.36236E+00 -6.78662E+04 3.42632E+00 -4.82937E+04 3.42314E+00 -4.84422E+04 3.22763E+00 -5.60117E+04 3.95175E+00 -5.22149E+04 3.95175E+00 -5.22149E+04 -2.85946E-01 -3.07765E+04
3 O=N(=O)OOC(=O)C(O)C(=O)C 3.86823E+00 -4.58114E+04 3.87637E+00 -4.65581E+04 3.98605E+00 -5.35923E+04 3.63107E+00 -4.22359E+04 3.62134E+00 -4.28385E+04 3.51243E+00 -4.82142E+04 3.68279E+00 -4.16360E+04 3.68279E+00 -4.16360E+04 1.06422E+00 -3.27168E+04
4 O=CC=O 3.49609E+00 -3.04243E+04 3.55441E+00 -2.55987E+04 3.60638E+00 -2.29600E+04 3.36456E+00 -2.83153E+04 3.30285E+00 -2.33061E+04 3.23048E+00 -2.03549E+04 3.22044E+00 -2.03543E+04 3.22044E+00 -2.03543E+04 3.72345E+00 -2.76110E+04
5 O=N(=O)OC1(C)C(=O)CC(=O)C(O)C1=O 4.49012E+00 -6.60186E+04 4.66301E+00 -7.17691E+04 6.05734E+00 -1.03529E+05 3.22950E+00 -5.16564E+04 3.12328E+00 -5.49285E+04 2.51749E+00 -6.99032E+04 5.11145E+00 -6.07556E+04 5.11145E+00 -6.07556E+04 4.27214E-01 -4.50574E+04
6 CON(=O)=O 3.40141E+00 -2.14661E+04 3.40745E+00 -2.12067E+04 3.41512E+00 -2.08867E+04 3.23655E+00 -2.02264E+04 3.22639E+00 -1.99056E+04 3.21323E+00 -1.95070E+04 3.39962E+00 -2.06491E+04 3.39962E+00 -2.06491E+04 3.43184E+00 -2.15645E+04
7 OCC(=O)C(=O)C=O 3.72574E+00 -4.49438E+04 3.72072E+00 -4.45026E+04 3.75647E+00 -4.72790E+04 3.61973E+00 -4.35279E+04 3.62708E+00 -4.31604E+04 3.57867E+00 -4.54326E+04 4.57764E+00 -4.04828E+04 4.57764E+00 -4.04828E+04 1.85109E+00 -3.64117E+04
8 O=CCC(=O)CC(C(=O)C)C(C)(C)ON(=O)=O 4.11787E+00 -5.89952E+04 4.12306E+00 -5.92009E+04 4.68242E+00 -7.61357E+04 3.40949E+00 -5.03637E+04 3.40628E+00 -5.05018E+04 3.11062E+00 -6.07724E+04 4.43496E+00 -6.25320E+04 4.43496E+00 -6.25320E+04 2.34047E+00 -5.21128E+04
9 CC(=O)C(=O)COO 3.53118E+00 -4.19318E+04 3.51497E+00 -4.02046E+04 3.54472E+00 -4.31166E+04 3.65040E+00 -4.29922E+04 3.67799E+00 -4.14351E+04 3.62999E+00 -4.40358E+04 4.10483E+00 -3.92082E+04 4.10483E+00 -3.92082E+04 1.47946E+00 -2.89941E+04
10 CC(=O)C(=O)CC(=O)COO 3.92530E+00 -5.45601E+04 3.87581E+00 -5.22149E+04 4.10107E+00 -6.13413E+04 3.48290E+00 -5.03713E+04 3.52668E+00 -4.86372E+04 3.34683E+00 -5.50932E+04 4.39862E+00 -5.01354E+04 4.39862E+00 -5.01354E+04 7.23053E-01 -3.43055E+04
11 O=CCC1CC(C(=O)CO)C1(C)C 3.88657E+00 -5.14559E+04 3.91679E+00 -5.30209E+04 4.13337E+00 -6.17533E+04 3.48125E+00 -4.68647E+04 3.45359E+00 -4.80151E+04 3.28466E+00 -5.40135E+04 4.21323E+00 -4.93735E+04 4.21323E+00 -4.93735E+04 3.04502E+00 -5.10269E+04
12 O=CCC(C(=O)O)C(C)(C)OO 4.79584E+00 -6.94154E+04 4.76403E+00 -6.81679E+04 5.28416E+00 -8.46324E+04 3.47802E+00 -5.40189E+04 3.49975E+00 -5.32747E+04 3.19802E+00 -6.23591E+04 4.50602E+00 -6.80329E+04 4.50602E+00 -6.80329E+04 2.70038E+00 -5.70354E+04
13 CC(=O)OON(=O)=O 3.22195E+00 -2.37943E+04 3.21610E+00 -2.41773E+04 3.22195E+00 -2.37943E+04 3.37438E+00 -2.43351E+04 3.38324E+00 -2.47993E+04 3.37438E+00 -2.43351E+04 3.04176E+00 -2.26408E+04 3.04176E+00 -2.26408E+04 2.09552E+00 -1.76124E+04
14 CC(=O)CO 3.21340E+00 -2.88480E+04 3.22714E+00 -2.70476E+04 3.22270E+00 -2.75446E+04 3.89407E+00 -3.41963E+04 3.90340E+00 -3.20315E+04 3.90175E+00 -3.26371E+04 3.62212E+00 -2.97444E+04 3.62212E+00 -2.97444E+04 2.85960E+00 -2.77956E+04
15 CC(=O)C(O)CC(=O)OO 4.17802E+00 -5.20853E+04 4.17148E+00 -5.16070E+04 4.31951E+00 -5.98819E+04 3.68172E+00 -4.60654E+04 3.68938E+00 -4.57083E+04 3.54349E+00 -5.15869E+04 3.85860E+00 -4.92575E+04 3.85860E+00 -4.92575E+04 2.59864E+00 -4.33212E+04
16 OOC(=O)CC=O 3.66291E+00 -3.48701E+04 3.66107E+00 -3.58322E+04 3.66432E+00 -3.44118E+04 3.79402E+00 -3.51378E+04 3.78751E+00 -3.60830E+04 3.79656E+00 -3.46820E+04 3.82689E+00 -3.56862E+04 3.82689E+00 -3.56862E+04 3.49009E+00 -3.42916E+04
17 O=CCC1CC(C(=O)OON(=O)=O)C1(C)C 3.54445E+00 -4.40144E+04 3.58407E+00 -4.65939E+04 3.68276E+00 -5.15209E+04 3.45872E+00 -4.20277E+04 3.42457E+00 -4.41269E+04 3.34765E+00 -4.79178E+04 3.51672E+00 -4.22699E+04 3.51672E+00 -4.22699E+04 2.28094E+00 -4.08437E+04
18 OOC(=O)C1CC(C(=O)O)C1(C)C 4.22415E+00 -5.78563E+04 4.25861E+00 -5.94270E+04 4.61056E+00 -7.17809E+04 3.44292E+00 -4.91625E+04 3.41372E+00 -5.02063E+04 3.16801E+00 -5.77678E+04 4.38208E+00 -5.90159E+04 4.38208E+00 -5.90159E+04 2.79288E+00 -5.30314E+04
19 O=CCC(=O)CC(C(=O)C)C(C)(C)O 4.05075E+00 -5.57364E+04 4.04415E+00 -5.54276E+04 4.54782E+00 -7.25043E+04 3.51367E+00 -4.96851E+04 3.51898E+00 -4.94647E+04 3.19072E+00 -6.04700E+04 4.12188E+00 -5.60286E+04 4.12188E+00 -5.60286E+04 2.52462E+00 -5.30325E+04
20 OOC(=O)C=O 3.63676E+00 -3.18989E+04 3.62992E+00 -3.30178E+04 3.63977E+00 -3.14951E+04 3.82480E+00 -3.27373E+04 3.82021E+00 -3.38962E+04 3.82580E+00 -3.23132E+04 3.76391E+00 -3.28647E+04 3.76391E+00 -3.28647E+04 3.37783E+00 -3.15215E+04
21 OCC(CC(=O)C(=O)C)C(C)(C)O 4.30995E+00 -6.10931E+04 4.25435E+00 -5.86672E+04 4.94145E+00 -8.04538E+04 3.50466E+00 -5.24267E+04 3.54892E+00 -5.07887E+04 3.11749E+00 -6.39775E+04 4.80011E+00 -6.14173E+04 4.80011E+00 -6.14173E+04 2.27732E+00 -5.39805E+04
22 O=CCC(=O)CC(O)C(=O)C 3.93151E+00 -5.07510E+04 3.94196E+00 -5.13715E+04 4.13018E+00 -5.99714E+04 3.57880E+00 -4.64882E+04 3.56852E+00 -4.69583E+04 3.41035E+00 -5.30888E+04 4.00213E+00 -4.92769E+04 4.00213E+00 -4.92769E+04 2.18786E+00 -4.47221E+04
23 OOC1CC(C(=O)O)C1(C)C 4.44860E+00 -5.95154E+04 4.48067E+00 -6.11171E+04 4.77089E+00 -7.23151E+04 3.48700E+00 -4.82978E+04 3.45858E+00 -4.93268E+04 3.24602E+00 -5.60146E+04 4.42909E+00 -5.92158E+04 4.42909E+00 -5.92158E+04 2.37971E+00 -4.87262E+04
24 OOC(=O)CC(=O)CC(=O)C(=O)C 4.07217E+00 -5.68862E+04 4.04990E+00 -5.58876E+04 4.35253E+00 -6.69777E+04 3.47640E+00 -5.04591E+04 3.49420E+00 -4.97564E+04 3.28230E+00 -5.70872E+04 4.66846E+00 -5.62148E+04 4.66846E+00 -5.62148E+04 1.13622E+00 -3.86108E+04
25 OCC1CC(C(=O)C)C1(C)C 3.48857E+00 -4.10531E+04 3.48872E+00 -4.10672E+04 3.55978E+00 -4.62931E+04 3.55187E+00 -4.13148E+04 3.55165E+00 -4.13272E+04 3.45944E+00 -4.57369E+04 4.32465E+00 -4.39583E+04 4.32465E+00 -4.39583E+04 3.07262E+00 -4.21819E+04
26 CC(=O)C(=O)CC(O)CO 4.14694E+00 -5.60129E+04 4.10765E+00 -5.39336E+04 4.39895E+00 -6.60837E+04 3.58702E+00 -5.01793E+04 3.62583E+00 -4.86742E+04 3.38247E+00 -5.69396E+04 4.75651E+00 -5.76354E+04 4.75651E+00 -5.76354E+04 1.94055E+00 -4.56701E+04
27 OCC(CC(=O)C(=O)O)C(C)(C)OO 5.73579E+00 -9.16072E+04 5.51490E+00 -8.53438E+04 7.40691E+00 -1.26896E+05 3.26417E+00 -6.29079E+04 3.37242E+00 -5.98449E+04 2.65276E+00 -7.74734E+04 5.15674E+00 -8.57365E+04 5.15674E+00 -8.57365E+04 1.69667E+00 -6.32949E+04
28 O=C1CC(O)C(C)(ON(=O)=O)C(=O)C1 4.23040E+00 -5.88960E+04 4.34686E+00 -6.35877E+04 5.07871E+00 -8.40912E+04 3.33185E+00 -4.85438E+04 3.24646E+00 -5.14903E+04 2.84412E+00 -6.26709E+04 5.27717E+00 -6.69511E+04 5.27717E+00 -6.69511E+04 1.40813E+00 -4.52862E+04
29 OOCC=O 3.62901E+00 -3.32366E+04 3.62771E+00 -3.35230E+04 3.63696E+00 -3.18983E+04 3.91314E+00 -3.50038E+04 3.91112E+00 -3.53020E+04 3.92041E+00 -3.35908E+04 3.42868E+00 -2.96068E+04 3.42868E+00 -2.96068E+04 3.07692E+00 -2.99864E+04
30 O=CCC(=O)C(=O)C 3.26373E+00 -3.20104E+04 3.26423E+00 -3.35605E+04 3.26477E+00 -3.38462E+04 3.42756E+00 -3.23381E+04 3.42328E+00 -3.38782E+04 3.42200E+00 -3.41573E+04 3.72752E+00 -3.25004E+04 3.72752E+00 -3.25004E+04 2.23824E+00 -2.93889E+04
31 CO 3.57977E+00 -1.96327E+04 3.57599E+00 -1.97634E+04 3.57092E+00 -1.99409E+04 4.59760E+00 -2.52092E+04 4.60039E+00 -2.54143E+04 4.60397E+00 -2.56916E+04 3.64385E+00 -2.15077E+04 3.64385E+00 -2.15077E+04 3.61600E+00 -2.24841E+04
32 OCC(OO)CC(=O)C(=O)C 4.42162E+00 -6.41398E+04 4.33065E+00 -6.04268E+04 4.75907E+00 -7.50243E+04 3.48907E+00 -5.45191E+04 3.55966E+00 -5.20705E+04 3.26941E+00 -6.11235E+04 4.85941E+00 -6.34799E+04 4.85941E+00 -6.34799E+04 1.42907E+00 -4.43274E+04
33 O=CCC(CC(=O)C(=O)C)C(C)(C)ON(=O)=O 4.11787E+00 -5.89952E+04 4.12306E+00 -5.92009E+04 4.68242E+00 -7.61357E+04 3.40949E+00 -5.03637E+04 3.40628E+00 -5.05018E+04 3.11062E+00 -6.07724E+04 4.60948E+00 -6.12061E+04 4.60948E+00 -6.12061E+04 2.34047E+00 -5.21128E+04
34 OCC1CC(C(=O)O)C1(C)C 4.32415E+00 -5.70566E+04 4.34311E+00 -5.80717E+04 4.58819E+00 -6.82454E+04 3.50871E+00 -4.76417E+04 3.49061E+00 -4.83211E+04 3.29584E+00 -5.46936E+04 4.48135E+00 -5.76441E+04 4.48135E+00 -5.76441E+04 3.00345E+00 -5.28391E+04
35 O=N(=O)OOC(=O)C1CC(C(=O)C)C1(C)C 3.66214E+00 -4.55599E+04 3.68024E+00 -4.68000E+04 3.82236E+00 -5.40134E+04 3.41305E+00 -4.16755E+04 3.39722E+00 -4.26482E+04 3.28742E+00 -4.79715E+04 3.51672E+00 -4.22699E+04 3.51672E+00 -4.22699E+04 1.43988E+00 -3.45400E+04
36 O=CCC(CC(=O)C(=O)C)C(C)(C)OO 4.35379E+00 -6.43585E+04 4.31144E+00 -6.28121E+04 4.99603E+00 -8.23589E+04 3.43391E+00 -5.45264E+04 3.46176E+00 -5.35259E+04 3.08640E+00 -6.49724E+04 4.68182E+00 -6.39485E+04 4.68182E+00 -6.39485E+04 2.01314E+00 -5.16897E+04
37 OOCC(=O)CC=O 3.77363E+00 -4.43884E+04 3.77429E+00 -4.44539E+04 3.78453E+00 -4.54119E+04 3.70105E+00 -4.29928E+04 3.70008E+00 -4.30483E+04 3.68547E+00 -4.38538E+04 3.89108E+00 -4.05340E+04 3.89108E+00 -4.05340E+04 2.32052E+00 -3.52978E+04
38 O=CCC(OO)C(=O)O 4.64290E+00 -6.37293E+04 4.61887E+00 -6.25734E+04 4.79979E+00 -7.02037E+04 3.58404E+00 -5.15009E+04 3.60454E+00 -5.07613E+04 3.46409E+00 -5.54704E+04 4.32294E+00 -6.16499E+04 4.32294E+00 -6.16499E+04 2.36361E+00 -4.87251E+04
39 CC(=O)C(O)CO 3.84354E+00 -4.50833E+04 3.81906E+00 -4.19000E+04 3.86975E+00 -4.74088E+04 3.79345E+00 -4.44757E+04 3.84780E+00 -4.17084E+04 3.74916E+00 -4.64163E+04 3.83630E+00 -4.34640E+04 3.83630E+00 -4.34640E+04 2.69695E+00 -4.03587E+04
40 OCC(=O)CC(=O)C(=O)C 3.66423E+00 -4.77493E+04 3.64030E+00 -4.62794E+04 3.77268E+00 -5.30734E+04 3.53957E+00 -4.67798E+04 3.56644E+00 -4.55837E+04 3.43354E+00 -5.09040E+04 4.52908E+00 -4.74516E+04 4.52908E+00 -4.74516E+04 1.23454E+00 -3.56483E+04
41 O=CCC(CC=O)ON(=O)=O 3.85356E+00 -4.67385E+04 3.84492E+00 -4.59917E+04 3.84900E+00 -4.63523E+04 3.49489E+00 -4.12196E+04 3.50215E+00 -4.06338E+04 3.49870E+00 -4.09174E+04 3.92787E+00 -4.52217E+04 3.92787E+00 -4.52217E+04 3.60116E+00 -4.47947E+04
42 O=CCC(=O)CC(=O)OON(=O)=O 3.72361E+00 -4.45425E+04 3.74729E+00 -4.64613E+04 3.77811E+00 -4.85362E+04 3.52392E+00 -4.08411E+04 3.50411E+00 -4.23914E+04 3.47946E+00 -4.40191E+04 3.53895E+00 -4.26135E+04 3.53895E+00 -4.26135E+04 1.31152E+00 -3.17688E+04
43 OCC(O)CC(=O)C(=O)CO 4.99055E+00 -7.56435E+04 4.84536E+00 -7.05899E+04 5.74992E+00 -9.56582E+04 3.42719E+00 -5.87436E+04 3.52327E+00 -5.58136E+04 3.03285E+00 -6.90110E+04 4.86857E+00 -6.97651E+04 4.86857E+00 -6.97651E+04 1.66565E+00 -5.54631E+04
44 CC(=O)C(=O)CO 3.36258E+00 -3.69128E+04 3.35469E+00 -3.49519E+04 3.36387E+00 -3.71375E+04 3.70422E+00 -3.99906E+04 3.73193E+00 -3.80409E+04 3.70072E+00 -4.02097E+04 4.23529E+00 -3.65243E+04 4.23529E+00 -3.65243E+04 1.99094E+00 -3.03369E+04
45 COO 3.57709E+00 -2.43966E+04 3.58480E+00 -2.40081E+04 3.59307E+00 -2.36087E+04 4.18079E+00 -2.82434E+04 4.17753E+00 -2.77351E+04 4.17346E+00 -2.72084E+04 3.47196E+00 -2.33915E+04 3.47196E+00 -2.33915E+04 3.10452E+00 -2.11414E+04
46 OOC(C)(C)C1CC(=O)CC(=O)C1(C)ON(=O)=O 4.71131E+00 -7.29673E+04 4.77042E+00 -7.47085E+04 6.59944E+00 -1.13135E+05 3.18855E+00 -5.62136E+04 3.15658E+00 -5.71707E+04 2.44212E+00 -7.46407E+04 5.41994E+00 -7.66693E+04 5.41994E+00 -7.66693E+04 1.23342E+00 -5.22538E+04
47 O=N(=O)OCC(O)C(=O)C 3.85978E+00 -4.48528E+04 3.85753E+00 -4.46034E+04 3.93145E+00 -5.04929E+04 3.65597E+00 -4.17250E+04 3.65916E+00 -4.15190E+04 3.57199E+00 -4.61903E+04 4.07469E+00 -4.34055E+04 4.07469E+00 -4.34055E+04 2.51280E+00 -3.94390E+04
48 OOC(=O)CC(=O)C=O 3.80158E+00 -4.32044E+04 3.81222E+00 -4.44456E+04 3.82195E+00 -4.54162E+04 3.67539E+00 -4.09898E+04 3.65870E+00 -4.20333E+04 3.64477E+00 -4.28359E+04 4.35110E+00 -4.24661E+04 4.35110E+00 -4.24661E+04 2.62143E+00 -3.68329E+04
49 O=CCC1CC(O)C1(C)C 3.64690E+00 -3.85955E+04 3.66298E+00 -4.15217E+04 3.69605E+00 -4.48726E+04 3.63230E+00 -3.75055E+04 3.59655E+00 -4.00861E+04 3.54584E+00 -4.28990E+04 4.17152E+00 -4.04856E+04 4.17152E+00 -4.04856E+04 3.80142E+00 -4.57155E+04
50 O=CCC(OO)CC(=O)C(=O)C 4.15944E+00 -5.81990E+04 4.14310E+00 -5.74760E+04 4.43036E+00 -6.79875E+04 3.50755E+00 -5.10200E+04 3.52032E+00 -5.05187E+04 3.32197E+00 -5.73879E+04 4.49874E+00 -5.75655E+04 4.49874E+00 -5.75655E+04 1.67637E+00 -4.33794E+04
51 CC(=O)COO 3.35409E+00 -3.35821E+04 3.35606E+00 -3.19861E+04 3.35498E+00 -3.24765E+04 3.81320E+00 -3.72911E+04 3.82876E+00 -3.55845E+04 3.82449E+00 -3.61142E+04 3.49166E+00 -3.24283E+04 3.49166E+00 -3.24283E+04 2.34812E+00 -2.64528E+04
52 O=CCC1(ON(=O)=O)CC(C(=O)C)C1(C)C 3.86256E+00 -5.13573E+04 3.90808E+00 -5.36287E+04 4.20726E+00 -6.46993E+04 3.35838E+00 -4.47499E+04 3.32457E+00 -4.63607E+04 3.13509E+00 -5.35576E+04 4.40930E+00 -5.45536E+04 4.40930E+00 -5.45536E+04 2.86086E+00 -5.01073E+04
53 O=CCC(CC=O)C(C)(C)OO 4.12730E+00 -5.55965E+04 4.10907E+00 -5.46511E+04 4.25833E+00 -6.13573E+04 3.58317E+00 -4.91163E+04 3.59853E+00 -4.84347E+04 3.48272E+00 -5.30975E+04 4.18329E+00 -5.43471E+04 4.18329E+00 -5.43471E+04 3.61061E+00 -5.26820E+04
54 C=O 3.27082E+00 -1.32615E+04 3.19753E+00 -1.51865E+04 3.22780E+00 -1.43532E+04 2.76429E+00 -1.11194E+04 2.96307E+00 -1.41099E+04 2.88491E+00 -1.28351E+04 2.88595E+00 -1.19717E+04 2.88595E+00 -1.19717E+04 3.89090E+00 -1.26911E+04
55 O=CCC(C(=O)C)C(C)(C)OO 3.93609E+00 -5.17680E+04 3.92540E+00 -5.11587E+04 4.11660E+00 -5.98642E+04 3.56561E+00 -4.73819E+04 3.57564E+00 -4.69212E+04 3.41840E+00 -5.31608E+04 4.18329E+00 -5.43471E+04 4.18329E+00 -5.43471E+04 2.76954E+00 -4.63783E+04
56 O=N(=O)OCC1CC(C(=O)C)C1(C)C 3.59509E+00 -4.40036E+04 3.59904E+00 -4.43105E+04 3.69729E+00 -5.01628E+04 3.40152E+00 -4.07638E+04 3.39779E+00 -4.10115E+04 3.31430E+00 -4.55226E+04 4.08042E+00 -4.30997E+04 4.08042E+00 -4.30997E+04 2.88846E+00 -4.12623E+04
57 OOC(=O)CC1CC(C(=O)CO)C1(C)C 4.52636E+00 -6.54594E+04 4.53517E+00 -6.57969E+04 5.18734E+00 -8.49133E+04 3.42283E+00 -5.29369E+04 3.41676E+00 -5.31449E+04 3.05207E+00 -6.37641E+04 4.35106E+00 -6.02813E+04 4.35106E+00 -6.02813E+04 2.69940E+00 -5.49374E+04
58 OCC(=O)C1CC(CC(=O)O)C1(C)C 4.70938E+00 -6.98240E+04 4.70071E+00 -6.95170E+04 5.53483E+00 -9.21525E+04 3.33567E+00 -5.43309E+04 3.34130E+00 -5.41527E+04 2.90896E+00 -6.58869E+04 4.47176E+00 -6.58808E+04 4.47176E+00 -6.58808E+04 2.24705E+00 -5.81505E+04
59 O=CCC1(OO)CC(C(=O)C)C1(C)C 4.06656E+00 -5.61032E+04 4.09059E+00 -5.71801E+04 4.46915E+00 -7.01722E+04 3.41688E+00 -4.88331E+04 3.39758E+00 -4.95711E+04 3.14484E+00 -5.77411E+04 4.48164E+00 -5.72959E+04 4.48164E+00 -5.72959E+04 2.53354E+00 -4.96842E+04
60 O=CC(=O)C(=O)C 3.21786E+00 -2.88571E+04 3.20986E+00 -3.08414E+04 3.20978E+00 -3.08774E+04 3.38651E+00 -2.93125E+04 3.38984E+00 -3.13837E+04 3.38981E+00 -3.14205E+04 3.83906E+00 -2.83531E+04 3.83906E+00 -2.83531E+04 2.12599E+00 -2.66187E+04
61 O=CCC(OO)CC=O 4.03628E+00 -5.05993E+04 4.02182E+00 -4.95467E+04 4.03640E+00 -5.06082E+04 3.66502E+00 -4.58713E+04 3.68094E+00 -4.50586E+04 3.66489E+00 -4.58781E+04 4.00021E+00 -4.79641E+04 4.00021E+00 -4.79641E+04 3.27384E+00 -4.43716E+04
62 OCC(OO)CC(=O)C(=O)O 5.49319E+00 -8.56678E+04 5.28215E+00 -7.90220E+04 6.29859E+00 -1.05571E+05 3.33881E+00 -6.11160E+04 3.45887E+00 -5.76575E+04 2.97201E+00 -7.03194E+04 4.94974E+00 -7.85534E+04 4.94974E+00 -7.85534E+04 1.35990E+00 -5.49845E+04
63 OOCC1CC(C(=O)CO)C1(C)C 4.40695E+00 -6.35828E+04 4.37544E+00 -6.23299E+04 4.89097E+00 -7.86030E+04 3.42534E+00 -5.30115E+04 3.44886E+00 -5.22094E+04 3.12693E+00 -6.17917E+04 4.26581E+00 -5.79718E+04 4.26581E+00 -5.79718E+04 2.28623E+00 -5.06322E+04
64 CC(=O)C(O)CC(=O)COO 4.42762E+00 -6.32863E+04 4.35627E+00 -6.02398E+04 4.80664E+00 -7.57743E+04 3.51758E+00 -5.35561E+04 3.57412E+00 -5.15398E+04 3.26941E+00 -6.11235E+04 3.85529E+00 -5.59848E+04 3.85529E+00 -5.59848E+04 1.42907E+00 -4.43274E+04
65 O=CCC(CC(=O)C(=O)C)C(C)(C)O 4.05075E+00 -5.57364E+04 4.04415E+00 -5.54276E+04 4.54782E+00 -7.25043E+04 3.51367E+00 -4.96851E+04 3.51898E+00 -4.94647E+04 3.19072E+00 -6.04700E+04 4.29640E+00 -5.47027E+04 4.29640E+00 -5.47027E+04 2.52462E+00 -5.30325E+04
66 O=CCC=O 3.46022E+00 -3.13116E+04 3.49205E+00 -2.76863E+04 3.53441E+00 -2.48736E+04 3.40565E+00 -2.97157E+04 3.37421E+00 -2.59946E+04 3.31941E+00 -2.29198E+04 3.17655E+00 -2.38387E+04 3.17655E+00 -2.38387E+04 3.83571E+00 -3.03811E+04
67 O=CCC(=O)O 3.76599E+00 -3.82098E+04 3.76766E+00 -3.92252E+04 3.76587E+00 -3.80575E+04 3.79698E+00 -3.76991E+04 3.78501E+00 -3.86323E+04 3.79867E+00 -3.75578E+04 3.99758E+00 -4.12857E+04 3.99758E+00 -4.12857E+04 3.03774E+00 -3.75047E+04
68 O=CCC(C(=O)C)C(C)(C)O 3.71713E+00 -4.37591E+04 3.71682E+00 -4.37277E+04 3.84943E+00 -5.23346E+04 3.63564E+00 -4.21001E+04 3.63607E+00 -4.20735E+04 3.49336E+00 -4.89214E+04 3.79787E+00 -4.51013E+04 3.79787E+00 -4.51013E+04 3.28103E+00 -4.77210E+04
69 O=CC1CC(C(=O)O)C1(C)C 3.90140E+00 -4.81465E+04 3.93399E+00 -5.03824E+04 4.02610E+00 -5.53109E+04 3.49101E+00 -4.31158E+04 3.45396E+00 -4.47852E+04 3.36452E+00 -4.82891E+04 4.29197E+00 -4.81081E+04 4.29197E+00 -4.81081E+04 3.13850E+00 -4.91209E+04
70 OCC(ON(=O)=O)CC(=O)C(=O)C 4.19069E+00 -5.80215E+04 4.17144E+00 -5.71301E+04 4.51499E+00 -6.97449E+04 3.51080E+00 -5.01548E+04 3.52584E+00 -4.95389E+04 3.29445E+00 -5.76625E+04 5.28423E+00 -6.07376E+04 5.28423E+00 -6.07376E+04 1.75639E+00 -4.47505E+04
71 OCC(=O)C1CC(CC(=O)OON(=O)=O)C1(C)C 4.23956E+00 -6.08908E+04 4.28425E+00 -6.26008E+04 4.95211E+00 -8.16140E+04 3.44514E+00 -5.19229E+04 3.41516E+00 -5.30425E+04 3.05254E+00 -6.41164E+04 4.27887E+00 -5.72211E+04 4.27887E+00 -5.72211E+04 1.27723E+00 -4.71031E+04
72 O=N(=O)OOC(=O)CC1CC(C(=O)O)C1(C)C 4.27838E+00 -5.92059E+04 4.36987E+00 -6.30364E+04 4.88238E+00 -7.87806E+04 3.45939E+00 -4.92935E+04 3.39534E+00 -5.17747E+04 3.10507E+00 -6.09000E+04 4.44778E+00 -5.87772E+04 4.44778E+00 -5.87772E+04 1.48297E+00 -4.79673E+04
73 O=CCC(=O)C=O 3.46120E+00 -3.36643E+04 3.46053E+00 -3.46162E+04 3.46335E+00 -3.27293E+04 3.42780E+00 -3.20718E+04 3.42638E+00 -3.29736E+04 3.42750E+00 -3.11709E+04 3.66454E+00 -2.96789E+04 3.66454E+00 -2.96789E+04 2.96705E+00 -3.29224E+04
74 OCC(=O)C(=O)CC(CO)C(C)(C)O 5.18309E+00 -8.04376E+04 5.02354E+00 -7.53898E+04 6.74333E+00 -1.15346E+05 3.36528E+00 -6.01422E+04 3.45670E+00 -5.73739E+04 2.71737E+00 -7.61447E+04 4.93776E+00 -7.35470E+04 4.93776E+00 -7.35470E+04 2.00242E+00 -6.37735E+04
75 OC(=O)CC1CC(C(=O)O)C1(C)C 4.50014E+00 -6.52068E+04 4.52434E+00 -6.61180E+04 5.13725E+00 -8.39827E+04 3.34768E+00 -5.25214E+04 3.33037E+00 -5.30735E+04 2.97578E+00 -6.28603E+04 4.56576E+00 -6.74369E+04 4.56576E+00 -6.74369E+04 2.45279E+00 -5.90146E+04
76 OOCC(=O)C(=O)CO 4.30147E+00 -6.13350E+04 4.18383E+00 -5.59852E+04 4.39818E+00 -6.50010E+04 3.51676E+00 -5.37930E+04 3.62273E+00 -5.00861E+04 3.44041E+00 -5.61971E+04 4.30684E+00 -5.13379E+04 4.30684E+00 -5.13379E+04 1.20456E+00 -3.87871E+04
77 O=CC(=O)O 3.73018E+00 -3.51869E+04 3.72758E+00 -3.63198E+04 3.73108E+00 -3.49224E+04 3.86251E+00 -3.56862E+04 3.85041E+00 -3.67868E+04 3.86505E+00 -3.54262E+04 4.39483E+00 -3.66466E+04 4.39483E+00 -3.66466E+04 2.92548E+00 -3.47346E+04
78 OOC1(C)C(O)CC(=O)CC1O 4.98053E+00 -7.35705E+04 5.01364E+00 -7.47326E+04 6.21914E+00 -1.05180E+05 3.30704E+00 -5.43986E+04 3.28528E+00 -5.50293E+04 2.70303E+00 -6.92887E+04 4.95612E+00 -7.98773E+04 4.95612E+00 -7.98773E+04 1.78682E+00 -5.48849E+04
79 O=CC(=O)CC(=O)C(C)(ON(=O)=O)C(=O)OO 4.89982E+00 -7.39924E+04 4.91693E+00 -7.45522E+04 5.99229E+00 -1.01264E+05 3.37592E+00 -5.57720E+04 3.36662E+00 -5.60846E+04 2.89899E+00 -6.91786E+04 5.19838E+00 -6.62047E+04 5.19838E+00 -6.62047E+04 1.51822E+00 -5.37878E+04
80 OCC(=O)OO 4.00790E+00 -4.17498E+04 4.00582E+00 -3.97750E+04 4.00584E+00 -4.03150E+04 3.94025E+00 -4.04128E+04 3.96571E+00 -3.86343E+04 3.95918E+00 -3.91260E+04 3.97399E+00 -4.16006E+04 3.97399E+00 -4.16006E+04 3.24279E+00 -3.52396E+04
81 O=CC(=O)CC(=O)C(=O)C 3.41214E+00 -4.03240E+04 3.42336E+00 -4.13425E+04 3.46589E+00 -4.44107E+04 3.39965E+00 -3.91213E+04 3.38770E+00 -3.99954E+04 3.34616E+00 -4.25426E+04 4.05208E+00 -3.92803E+04 4.05208E+00 -3.92803E+04 1.36958E+00 -3.19302E+04
82 OOC(=O)CC(=O)CC=O 3.87148E+00 -4.63271E+04 3.88506E+00 -4.74745E+04 3.90931E+00 -4.92531E+04 3.66137E+00 -4.32292E+04 3.64489E+00 -4.41545E+04 3.61762E+00 -4.55591E+04 4.20033E+00 -4.66134E+04 4.20033E+00 -4.66134E+04 2.73369E+00 -3.96031E+04
83 O=CC(=O)CC(=O)C(C)(ON(=O)=O)C(=O)OON(=O)=O 4.69689E+00 -7.05574E+04 4.75805E+00 -7.25558E+04 5.87309E+00 -9.95983E+04 3.37808E+00 -5.41135E+04 3.34736E+00 -5.52603E+04 2.89634E+00 -6.87075E+04 4.50517E+00 -6.22048E+04 4.50517E+00 -6.22048E+04 9.60582E-02 -4.59536E+04
84 O=N(=O)OOC(=O)CC1CC(C(=O)C)C1(C)C 3.72601E+00 -4.81103E+04 3.74972E+00 -4.94784E+04 3.94910E+00 -5.81313E+04 3.43024E+00 -4.38038E+04 3.41141E+00 -4.48479E+04 3.27173E+00 -5.10080E+04 3.57970E+00 -4.50914E+04 3.57970E+00 -4.50914E+04 1.55214E+00 -3.73101E+04
85 O=CCC(CC=O)C(C)(C)ON(=O)=O 3.92473E+00 -5.15326E+04 3.91308E+00 -5.08626E+04 4.02061E+00 -5.62353E+04 3.48429E+00 -4.53072E+04 3.49280E+00 -4.48100E+04 3.41814E+00 -4.86731E+04 4.11095E+00 -5.16047E+04 4.11095E+00 -5.16047E+04 3.93793E+00 -5.31051E+04
86 O=C1CC(O)C(C)(ON(=O)=O)C(O)C1 4.70137E+00 -6.65751E+04 4.81123E+00 -7.08222E+04 5.82246E+00 -9.76711E+04 3.35082E+00 -5.04922E+04 3.27611E+00 -5.29164E+04 2.77625E+00 -6.60464E+04 5.50699E+00 -7.71350E+04 5.50699E+00 -7.71350E+04 2.11414E+00 -5.53080E+04
87 OCC1CC(OO)(C(=O)O)C1(C)C 5.34444E+00 -8.14244E+04 5.28375E+00 -7.94411E+04 6.51114E+00 -1.10123E+05 3.28575E+00 -5.71426E+04 3.32079E+00 -5.61277E+04 2.76898E+00 -6.99688E+04 4.78689E+00 -7.76963E+04 4.78689E+00 -7.76963E+04 2.21707E+00 -6.12893E+04
88 O=CCC1CC(OO)C1(C)C 3.77811E+00 -4.50027E+04 3.80695E+00 -4.73462E+04 3.86706E+00 -5.10925E+04 3.58391E+00 -4.21893E+04 3.54814E+00 -4.40695E+04 3.48417E+00 -4.69462E+04 4.27682E+00 -4.55300E+04 4.27682E+00 -4.55300E+04 3.28994E+00 -4.43727E+04
89 O=CCC1(O)CC(C(=O)C)C1(C)C 3.82238E+00 -4.80972E+04 3.84924E+00 -4.98134E+04 4.12279E+00 -6.16186E+04 3.48980E+00 -4.39762E+04 3.46142E+00 -4.52806E+04 3.23588E+00 -5.34733E+04 4.09622E+00 -4.80502E+04 4.09622E+00 -4.80502E+04 3.04502E+00 -5.10269E+04
90 O=CCC1CC(C(=O)O)C1(C)C 3.97673E+00 -5.10760E+04 4.01574E+00 -5.33199E+04 4.15548E+00 -5.96651E+04 3.48160E+00 -4.51289E+04 3.44361E+00 -4.67482E+04 3.32648E+00 -5.10762E+04 4.35495E+00 -5.09296E+04 4.35495E+00 -5.09296E+04 3.25076E+00 -5.18911E+04
91 O=CCC1CC(C(=O)OO)C1(C)C 3.83872E+00 -4.76695E+04 3.86843E+00 -4.96650E+04 3.95974E+00 -5.45058E+04 3.54470E+00 -4.37911E+04 3.51341E+00 -4.53304E+04 3.42931E+00 -4.88913E+04 4.18426E+00 -4.53301E+04 4.18426E+00 -4.53301E+04 3.70311E+00 -4.86780E+04
92 OOC(=O)CC1CC(C(=O)C)C1(C)C 3.80202E+00 -4.89960E+04 3.81452E+00 -4.97397E+04 3.99542E+00 -5.80015E+04 3.49937E+00 -4.53358E+04 3.48699E+00 -4.59053E+04 3.33396E+00 -5.18538E+04 4.24724E+00 -4.81515E+04 4.24724E+00 -4.81515E+04 2.97430E+00 -4.51444E+04
93 OCC(=O)C(=O)CC(CO)C(C)(C)OO 5.64912E+00 -9.13669E+04 5.37631E+00 -8.39541E+04 7.59358E+00 -1.30144E+05 3.25166E+00 -6.46893E+04 3.38330E+00 -6.09792E+04 2.56696E+00 -8.07374E+04 5.15905E+00 -8.27928E+04 5.15905E+00 -8.27928E+04 1.49094E+00 -6.24307E+04
94 OCC(=O)C1(OO)CC(CO)C1(C)C 5.21735E+00 -8.10412E+04 5.10434E+00 -7.75441E+04 6.57455E+00 -1.12135E+05 3.26556E+00 -5.90088E+04 3.32947E+00 -5.71666E+04 2.68958E+00 -7.30346E+04 4.39847E+00 -7.23703E+04 4.39847E+00 -7.23703E+04 2.01133E+00 -6.04252E+04
95 OCC(CC(=O)C(=O)C)C(C)(C)OO 4.65654E+00 -7.04809E+04 4.53946E+00 -6.64238E+04 5.46199E+00 -9.13634E+04 3.40447E+00 -5.72093E+04 3.47976E+00 -5.47311E+04 2.99596E+00 -6.84181E+04 5.07178E+00 -7.06630E+04 5.07178E+00 -7.06630E+04 1.76584E+00 -5.26377E+04
96 OCC(=O)C(=O)CC=O 3.76885E+00 -4.67653E+04 3.77465E+00 -4.71832E+04 3.83596E+00 -5.09196E+04 3.61126E+00 -4.47954E+04 3.60421E+00 -4.51333E+04 3.53681E+00 -4.80660E+04 4.46610E+00 -4.46301E+04 4.46610E+00 -4.46301E+04 1.96334E+00 -3.91819E+04
97 O=C1CC(=O)C(C)(ON(=O)=O)C(=O)C1 3.79419E+00 -5.17827E+04 3.91547E+00 -5.69036E+04 4.42945E+00 -7.21483E+04 3.23812E+00 -4.50867E+04 3.15060E+00 -4.85576E+04 2.85843E+00 -5.76378E+04 4.68274E+00 -5.48879E+04 4.68274E+00 -5.48879E+04 7.02116E-01 -3.52644E+04
98 OOC(=O)CC(=O)C(=O)CO 4.38605E+00 -6.13261E+04 4.34909E+00 -5.96529E+04 4.63903E+00 -7.06350E+04 3.53291E+00 -5.19393E+04 3.56349E+00 -5.08226E+04 3.35226E+00 -5.77684E+04 4.60686E+00 -5.74173E+04 4.60686E+00 -5.74173E+04 1.61772E+00 -4.30924E+04
99 CC(=O)C(O)C(=O)OO 4.09068E+00 -4.88313E+04 4.08495E+00 -4.82921E+04 4.18520E+00 -5.52773E+04 3.70796E+00 -4.41235E+04 3.71641E+00 -4.37032E+04 3.59520E+00 -4.89193E+04 3.76632E+00 -4.56359E+04 3.76632E+00 -4.56359E+04 2.48638E+00 -4.05511E+04
100 O=CCC(ON(=O)=O)CC(=O)C(=O)C 3.95910E+00 -5.30804E+04 3.98110E+00 -5.41794E+04 4.20353E+00 -6.30088E+04 3.44205E+00 -4.61257E+04 3.42663E+00 -4.69092E+04 3.28630E+00 -5.28133E+04 4.42640E+00 -5.48231E+04 4.42640E+00 -5.48231E+04 2.00370E+00 -4.38025E+04
101 O=CCC1CC(O)(C(=O)C)C1(C)C 3.82238E+00 -4.80972E+04 3.84924E+00 -4.98134E+04 4.12279E+00 -6.16186E+04 3.48980E+00 -4.39762E+04 3.46142E+00 -4.52806E+04 3.23588E+00 -5.34733E+04 3.84003E+00 -4.34802E+04 3.84003E+00 -4.34802E+04 3.04502E+00 -5.10269E+04
102 OCC=O 3.56577E+00 -2.85983E+04 3.56353E+00 -2.87936E+04 3.58050E+00 -2.74447E+04 4.03097E+00 -3.17544E+04 4.03057E+00 -3.19812E+04 4.03101E+00 -3.03970E+04 3.55914E+00 -2.69229E+04 3.55914E+00 -2.69229E+04 3.58841E+00 -3.13291E+04
103 OOC(=O)C1CC(C(=O)C)C1(C)C 3.72183E+00 -4.61269E+04 3.73147E+00 -4.68169E+04 3.85835E+00 -5.36691E+04 3.50202E+00 -4.32712E+04 3.49092E+00 -4.38185E+04 3.36731E+00 -4.89690E+04 4.18426E+00 -4.53301E+04 4.18426E+00 -4.53301E+04 2.86205E+00 -4.23743E+04
104 O=N(=O)OC(C)(C)C1CC=C(C)C(O)C1 4.03823E+00 -5.23950E+04 4.09231E+00 -5.53210E+04 4.45196E+00 -6.87722E+04 3.46028E+00 -4.52714E+04 3.41254E+00 -4.73236E+04 3.16243E+00 -5.58435E+04 4.48096E+00 -5.60067E+04 4.48096E+00 -5.60067E+04 3.47525E+00 -5.34241E+04
105 OCC1CC(O)(C(=O)C)C1(C)C 4.06099E+00 -5.29514E+04 4.06116E+00 -5.29612E+04 4.45907E+00 -6.87062E+04 3.50465E+00 -4.67090E+04 3.50447E+00 -4.67161E+04 3.18812E+00 -5.69740E+04 4.12346E+00 -5.01947E+04 4.12346E+00 -5.01947E+04 2.79772E+00 -5.19749E+04
106 O=CCC(=O)CC(C(=O)C)C(C)(C)OO 4.35379E+00 -6.43585E+04 4.31144E+00 -6.28121E+04 4.99603E+00 -8.23589E+04 3.43391E+00 -5.45264E+04 3.46176E+00 -5.35259E+04 3.08640E+00 -6.49724E+04 4.50730E+00 -6.52743E+04 4.50730E+00 -6.52743E+04 2.01314E+00 -5.16897E+04
107 O=CCC1CC(C(=O)C)C1(C)C 3.31685E+00 -3.72524E+04 3.32941E+00 -3.87887E+04 3.36140E+00 -4.15932E+04 3.40077E+00 -3.69783E+04 3.38518E+00 -3.83616E+04 3.35014E+00 -4.07955E+04 3.51405E+00 -3.72438E+04 3.51405E+00 -3.72438E+04 3.31992E+00 -4.12339E+04
108 CC(=O)C(O)COO 4.01917E+00 -5.02538E+04 3.98558E+00 -4.75838E+04 4.08841E+00 -5.44395E+04 3.71916E+00 -4.69916E+04 3.76611E+00 -4.48707E+04 3.63853E+00 -5.01651E+04 3.74405E+00 -4.61479E+04 3.74405E+00 -4.61479E+04 2.18547E+00 -3.90159E+04
109 OCC(CC(=O)C(=O)O)C(C)(C)O 5.28583E+00 -8.05299E+04 5.17453E+00 -7.68119E+04 6.62890E+00 -1.12697E+05 3.38226E+00 -5.83126E+04 3.44760E+00 -5.63223E+04 2.79919E+00 -7.29973E+04 4.93545E+00 -7.64908E+04 4.93545E+00 -7.64908E+04 2.20815E+00 -6.46376E+04
110 OOC(C)(C)C1CC=C(C)C(O)C1 4.24803E+00 -5.77385E+04 4.27281E+00 -5.89127E+04 4.72060E+00 -7.44188E+04 3.45615E+00 -4.87842E+04 3.43473E+00 -4.95662E+04 3.12815E+00 -5.89352E+04 4.17141E+00 -5.87491E+04 4.17141E+00 -5.87491E+04 3.14792E+00 -5.30010E+04
111 OOCC(=O)C=O 3.69810E+00 -4.11658E+04 3.69953E+00 -4.13819E+04 3.70180E+00 -4.17070E+04 3.73145E+00 -4.08263E+04 3.72841E+00 -4.10185E+04 3.72376E+00 -4.13066E+04 4.04185E+00 -3.63867E+04 4.04185E+00 -3.63867E+04 2.20826E+00 -3.25277E+04
112 O=CCC(OO)C(=O)C 3.80639E+00 -4.57130E+04 3.80604E+00 -4.56818E+04 3.84847E+00 -4.88675E+04 3.65821E+00 -4.34972E+04 3.65868E+00 -4.34715E+04 3.60754E+00 -4.60384E+04 3.78545E+00 -4.41942E+04 3.78545E+00 -4.41942E+04 2.43278E+00 -3.80679E+04
113 OOCC(=O)C1CC(CC=O)C1(C)C 4.12221E+00 -5.78079E+04 4.14391E+00 -5.87263E+04 4.49518E+00 -7.05601E+04 3.43951E+00 -5.02696E+04 3.42299E+00 -5.08931E+04 3.19441E+00 -5.83329E+04 4.08277E+00 -5.20574E+04 4.08277E+00 -5.20574E+04 2.53354E+00 -4.96842E+04
114 OOC1CC(=O)CC(=O)C1(C)ON(=O)=O 4.49268E+00 -6.64208E+04 4.58544E+00 -6.95660E+04 5.60082E+00 -9.47029E+04 3.26514E+00 -5.25542E+04 3.20754E+00 -5.43869E+04 2.72677E+00 -6.70437E+04 5.42390E+00 -7.27956E+04 5.42390E+00 -7.27956E+04 8.96647E-01 -4.39435E+04
115 OCC(=O)O 4.13155E+00 -4.66276E+04 4.11457E+00 -4.33974E+04 4.11839E+00 -4.43968E+04 3.94225E+00 -4.45702E+04 4.00014E+00 -4.18350E+04 3.98307E+00 -4.26947E+04 4.09469E+00 -4.72001E+04 4.03610E+00 -4.55998E+04 2.79043E+00 -3.84527E+04
116 O=CCC1CC(ON(=O)=O)C1(C)C 3.55653E+00 -4.07796E+04 3.58176E+00 -4.32857E+04 3.62034E+00 -4.61100E+04 3.43506E+00 -3.81398E+04 3.40920E+00 -4.02324E+04 3.37353E+00 -4.24947E+04 4.20448E+00 -4.27876E+04 4.20448E+00 -4.27876E+04 3.61727E+00 -4.47958E+04
117 OCC(CC(=O)C(=O)C)C(C)(C)ON(=O)=O 4.38825E+00 -6.42689E+04 4.34731E+00 -6.27215E+04 5.11395E+00 -8.46157E+04 3.44466E+00 -5.37090E+04 3.47153E+00 -5.27128E+04 3.06094E+00 -6.53255E+04 5.50874E+00 -6.79207E+04 5.50874E+00 -6.79207E+04 2.09316E+00 -5.30608E+04
118 OCC(=O)OON(=O)=O 3.43413E+00 -3.51864E+04 3.43374E+00 -3.48652E+04 3.43462E+00 -3.54780E+04 3.73325E+00 -3.71248E+04 3.73581E+00 -3.68008E+04 3.73078E+00 -3.74174E+04 3.95570E+00 -3.85404E+04 3.95570E+00 -3.85404E+04 1.82062E+00 -2.74054E+04
119 OCC(=O)CC=O 3.63643E+00 -3.94236E+04 3.63556E+00 -3.92385E+04 3.63698E+00 -3.95365E+04 3.75279E+00 -3.98738E+04 3.75519E+00 -3.97027E+04 3.75131E+00 -3.99778E+04 4.02154E+00 -3.78502E+04 4.02154E+00 -3.78502E+04 2.83200E+00 -3.66406E+04
120 O=CCC(O)CC=O 3.88839E+00 -4.36387E+04 3.88775E+00 -4.35461E+04 3.89500E+00 -4.45163E+04 3.73681E+00 -4.11110E+04 3.73796E+00 -4.10324E+04 3.72552E+00 -4.18503E+04 3.89491E+00 -4.29197E+04 3.89491E+00 -4.29197E+04 3.78532E+00 -4.57144E+04
121 OOC(=O)CC(=O)C(=O)C 3.69759E+00 -4.43619E+04 3.69293E+00 -4.39396E+04 3.74339E+00 -4.77594E+04 3.61575E+00 -4.29300E+04 3.62208E+00 -4.25746E+04 3.56019E+00 -4.57094E+04 4.41408E+00 -4.52876E+04 4.41408E+00 -4.52876E+04 1.89262E+00 -3.32994E+04
122 CC(=O)C 3.14225E+00 -1.77803E+04 3.14105E+00 -1.78237E+04 3.13268E+00 -1.81312E+04 3.13879E+00 -1.77224E+04 3.14124E+00 -1.77834E+04 3.15804E+00 -1.82137E+04 3.01191E+00 -1.76147E+04 3.01191E+00 -1.76147E+04 3.13450E+00 -1.80026E+04
123 OOCC1CC(C(=O)O)C1(C)C 4.56595E+00 -6.39192E+04 4.57111E+00 -6.41428E+04 4.96256E+00 -7.76257E+04 3.44622E+00 -5.09441E+04 3.44223E+00 -5.10824E+04 3.18803E+00 -5.88217E+04 4.35981E+00 -5.95279E+04 4.35981E+00 -5.95279E+04 2.49197E+00 -5.14963E+04
124 CC(=O)O 3.61087E+00 -2.75861E+04 3.59748E+00 -2.86114E+04 3.60337E+00 -2.81410E+04 4.01533E+00 -3.01933E+04 4.01510E+00 -3.13860E+04 4.01559E+00 -3.08417E+04 3.73713E+00 -3.13005E+04 3.73713E+00 -3.13005E+04 3.06534E+00 -2.86597E+04
125 O=CC(=O)C=O 3.44790E+00 -3.08869E+04 3.44205E+00 -3.20778E+04 3.45329E+00 -3.00827E+04 3.38638E+00 -2.92812E+04 3.38955E+00 -3.04520E+04 3.38233E+00 -2.84757E+04 3.77608E+00 -2.55316E+04 3.77608E+00 -2.55316E+04 2.85479E+00 -3.01523E+04
126 O=C1CC(=O)C(C)(ON(=O)=O)C(C1)C(C)(C)O 4.36482E+00 -6.41149E+04 4.44702E+00 -6.69726E+04 5.85822E+00 -1.00074E+05 3.26774E+00 -5.18729E+04 3.21511E+00 -5.35890E+04 2.57458E+00 -7.00889E+04 5.03452E+00 -6.74235E+04 5.03452E+00 -6.74235E+04 1.74490E+00 -5.35966E+04
127 O=CCC(O)CC(=O)C(=O)C 3.93151E+00 -5.07510E+04 3.94196E+00 -5.13715E+04 4.13018E+00 -5.99714E+04 3.57880E+00 -4.64882E+04 3.56852E+00 -4.69583E+04 3.41035E+00 -5.30888E+04 4.39344E+00 -5.25211E+04 4.39344E+00 -5.25211E+04 2.18786E+00 -4.47221E+04
128 OOC1C(=O)CC(=O)C(C)(ON(=O)=O)C1=O 4.79534E+00 -7.39827E+04 4.94649E+00 -7.83637E+04 6.78683E+00 -1.16340E+05 3.15925E+00 -5.55464E+04 3.07914E+00 -5.78629E+04 2.38301E+00 -7.43762E+04 5.29961E+00 -6.74003E+04 5.29961E+00 -6.74003E+04 -8.42686E-02 -4.37146E+04
129 O=CC(O)C(=O)C 3.60119E+00 -3.54823E+04 3.60143E+00 -3.67070E+04 3.60896E+00 -3.91802E+04 3.75348E+00 -3.60704E+04 3.74136E+00 -3.72524E+04 3.71076E+00 -3.95667E+04 3.48522E+00 -2.90788E+04 3.48522E+00 -2.90788E+04 2.83200E+00 -3.66406E+04
130 OOC1CC=C(C)C(O)C1 4.11142E+00 -5.20732E+04 4.13106E+00 -5.33173E+04 4.29632E+00 -6.13067E+04 3.56017E+00 -4.58265E+04 3.53756E+00 -4.67230E+04 3.38049E+00 -5.21510E+04 4.12059E+00 -5.48754E+04 4.12059E+00 -5.48754E+04 2.81115E+00 -4.46906E+04
131 OCC(OO)CC(=O)C(=O)CO 5.37005E+00 -8.50253E+04 5.11244E+00 -7.72977E+04 6.35505E+00 -1.07761E+05 3.31947E+00 -6.27440E+04 3.46295E+00 -5.86128E+04 2.89034E+00 -7.33359E+04 4.95205E+00 -7.56097E+04 4.95205E+00 -7.56097E+04 1.15417E+00 -5.41204E+04
132 O=CC(=O)C 3.26522E+00 -2.10448E+04 3.20920E+00 -2.40888E+04 3.22350E+00 -2.31901E+04 3.23878E+00 -2.06393E+04 3.32158E+00 -2.43474E+04 3.30232E+00 -2.32790E+04 3.47314E+00 -2.15731E+04 3.47314E+00 -2.15731E+04 2.99465E+00 -2.40774E+04
133 OCC1CC(O)(C(=O)O)C1(C)C 4.97415E+00 -7.10461E+04 4.98025E+00 -7.12911E+04 5.90187E+00 -9.77615E+04 3.40530E+00 -5.25401E+04 3.40093E+00 -5.26776E+04 2.90636E+00 -6.57479E+04 4.54169E+00 -6.76504E+04 4.49385E+00 -6.60502E+04 2.72855E+00 -6.26321E+04
134 OCC1CC(OO)(C(=O)C)C1(C)C 4.34310E+00 -6.16881E+04 4.32021E+00 -6.07277E+04 4.86435E+00 -7.81947E+04 3.40696E+00 -5.15055E+04 3.42498E+00 -5.08847E+04 3.07700E+00 -6.11697E+04 4.42443E+00 -6.02406E+04 4.42443E+00 -6.02406E+04 2.28623E+00 -5.06322E+04
135 O=C1CC(O)C(C)(O)C(O)C1 4.63523E+00 -6.34686E+04 4.70534E+00 -6.65780E+04 5.60984E+00 -9.29179E+04 3.45530E+00 -5.00029E+04 3.39657E+00 -5.18811E+04 2.86894E+00 -6.55614E+04 4.68699E+00 -6.90313E+04 4.68699E+00 -6.90313E+04 2.29830E+00 -5.62277E+04
136 O=CCC(C(=O)O)C(C)(C)O 4.49286E+00 -5.98353E+04 4.49837E+00 -6.01247E+04 4.87748E+00 -7.47921E+04 3.58507E+00 -4.90163E+04 3.58021E+00 -4.92072E+04 3.31051E+00 -5.81037E+04 4.23434E+00 -5.87872E+04 4.23434E+00 -5.87872E+04 3.21186E+00 -5.83782E+04
137 OCC(O)CC(=O)C(=O)O 5.13191E+00 -7.61686E+04 5.02708E+00 -7.22829E+04 5.75313E+00 -9.39548E+04 3.45434E+00 -5.71016E+04 3.52610E+00 -5.49099E+04 3.11354E+00 -6.61435E+04 4.86626E+00 -7.27089E+04 4.86626E+00 -7.27089E+04 1.87139E+00 -5.63273E+04
138 O=CCC1CC(OO)(C(=O)C)C1(C)C 4.06656E+00 -5.61032E+04 4.09059E+00 -5.71801E+04 4.46915E+00 -7.01722E+04 3.41688E+00 -4.88331E+04 3.39758E+00 -4.95711E+04 3.14484E+00 -5.77411E+04 4.26688E+00 -5.35261E+04 4.26688E+00 -5.35261E+04 2.53354E+00 -4.96842E+04
139 OOCC1CC(C(=O)C)C1(C)C 3.68846E+00 -4.69143E+04 3.68380E+00 -4.66074E+04 3.81459E+00 -5.34444E+04 3.51225E+00 -4.48654E+04 3.51748E+00 -4.46194E+04 3.38994E+00 -4.98479E+04 4.15276E+00 -4.58421E+04 4.15276E+00 -4.58421E+04 2.56114E+00 -4.08392E+04
140 O=CCC(=O)CC=O 3.48932E+00 -3.64099E+04 3.49188E+00 -3.72212E+04 3.48775E+00 -3.55638E+04 3.46115E+00 -3.47183E+04 3.45730E+00 -3.54598E+04 3.46406E+00 -3.39338E+04 3.55300E+00 -3.38262E+04 3.55300E+00 -3.38262E+04 3.07931E+00 -3.56926E+04
141 O=CC(=O)CC(=O)OON(=O)=O 3.66935E+00 -4.18133E+04 3.68664E+00 -4.36915E+04 3.70055E+00 -4.49237E+04 3.50123E+00 -3.84802E+04 3.48493E+00 -4.00459E+04 3.47243E+00 -4.10488E+04 3.65049E+00 -3.84662E+04 3.65049E+00 -3.84662E+04 1.19926E+00 -2.89987E+04
142 CC(=O)C1CC(O)C1(C)C 3.45257E+00 -3.67610E+04 3.45819E+00 -3.79675E+04 3.50676E+00 -4.31470E+04 3.58890E+00 -3.73743E+04 3.57333E+00 -3.84939E+04 3.48973E+00 -4.30526E+04 4.17152E+00 -4.04856E+04 4.17152E+00 -4.04856E+04 2.96036E+00 -3.94118E+04
143 O=N(=O)OCC1CC(C(=O)O)C1(C)C 4.27533E+00 -5.73154E+04 4.32114E+00 -5.95464E+04 4.62464E+00 -7.08169E+04 3.45307E+00 -4.72643E+04 3.41675E+00 -4.87335E+04 3.21529E+00 -5.55875E+04 4.80564E+00 -5.67855E+04 4.80564E+00 -5.67855E+04 2.81929E+00 -5.19194E+04
144 OCC(=O)C(=O)CO 4.07291E+00 -5.56468E+04 3.97359E+00 -5.00982E+04 4.09808E+00 -5.68145E+04 3.58053E+00 -5.14342E+04 3.69294E+00 -4.72603E+04 3.55554E+00 -5.22743E+04 4.39909E+00 -4.86541E+04 4.39909E+00 -4.86541E+04 1.71604E+00 -4.01299E+04
145 OOC1CC(C(=O)C)C1(C)C 3.59887E+00 -4.30679E+04 3.60653E+00 -4.37298E+04 3.69504E+00 -4.93838E+04 3.53679E+00 -4.19749E+04 3.52616E+00 -4.25302E+04 3.42391E+00 -4.70526E+04 4.27682E+00 -4.55300E+04 4.27682E+00 -4.55300E+04 2.44888E+00 -3.80690E+04
146 O=N(=O)OOC(=O)CC(O)C(=O)C 3.94236E+00 -4.87490E+04 3.95436E+00 -4.96125E+04 4.11325E+00 -5.79367E+04 3.63152E+00 -4.43751E+04 3.61948E+00 -4.50471E+04 3.48397E+00 -5.11371E+04 3.70436E+00 -4.61973E+04 3.70436E+00 -4.61973E+04 1.17647E+00 -3.54869E+04
147 O=CCC(CC=O)C(C)(C)O 3.90301E+00 -4.74843E+04 3.89892E+00 -4.71452E+04 4.00495E+00 -5.38499E+04 3.65524E+00 -4.39366E+04 3.65995E+00 -4.36645E+04 3.55416E+00 -4.88115E+04 3.79787E+00 -4.51013E+04 3.79787E+00 -4.51013E+04 4.12209E+00 -5.40247E+04
148 O=CC1CC(C(=O)C)C1(C)C 3.26636E+00 -3.46127E+04 3.27372E+00 -3.61731E+04 3.29032E+00 -3.83347E+04 3.37716E+00 -3.45559E+04 3.36475E+00 -3.60133E+04 3.34218E+00 -3.79664E+04 3.45107E+00 -3.44223E+04 3.45107E+00 -3.44223E+04 3.20767E+00 -3.84638E+04
149 OC(=O)CC1CC(C(=O)C)C1(C)C 3.93921E+00 -5.23318E+04 3.95727E+00 -5.32722E+04 4.20899E+00 -6.33420E+04 3.43134E+00 -4.65636E+04 3.41469E+00 -4.72382E+04 3.22002E+00 -5.39645E+04 4.41793E+00 -5.37510E+04 4.41793E+00 -5.37510E+04 2.52195E+00 -4.83575E+04
150 OCC(=O)C1(O)CC(CO)C1(C)C 4.82500E+00 -7.08233E+04 4.78910E+00 -6.94853E+04 5.90304E+00 -9.92617E+04 3.37953E+00 -5.44706E+04 3.40434E+00 -5.36968E+04 2.82966E+00 -6.86905E+04 4.15326E+00 -6.23245E+04 4.15326E+00 -6.23245E+04 2.52282E+00 -6.17679E+04
151 O=CCC(=O)C(=O)O 3.92162E+00 -4.67044E+04 3.93618E+00 -4.79618E+04 3.96068E+00 -4.97833E+04 3.63068E+00 -4.29768E+04 3.61069E+00 -4.39673E+04 3.58007E+00 -4.53713E+04 4.76827E+00 -4.75738E+04 4.76827E+00 -4.75738E+04 2.16908E+00 -4.00460E+04
152 OC(=O)CC(O)C(=O)C 4.31595E+00 -5.62178E+04 4.29967E+00 -5.52398E+04 4.50920E+00 -6.51545E+04 3.61793E+00 -4.82815E+04 3.63530E+00 -4.75946E+04 3.44633E+00 -5.41925E+04 3.97929E+00 -5.48570E+04 3.97929E+00 -5.48570E+04 2.14629E+00 -4.65343E+04
153 O=C(OON(=O)=O)CC(=O)CC(O)C(=O)C 4.36772E+00 -6.18174E+04 4.38272E+00 -6.24354E+04 4.98524E+00 -8.09387E+04 3.52538E+00 -5.17464E+04 3.51525E+00 -5.21517E+04 3.18015E+00 -6.30635E+04 3.98809E+00 -5.80642E+04 3.98809E+00 -5.80642E+04 4.20069E-01 -4.07983E+04
154 OCC(=O)C=O 3.57013E+00 -3.61438E+04 3.57018E+00 -3.62133E+04 3.57012E+00 -3.61423E+04 3.79791E+00 -3.76215E+04 3.79710E+00 -3.76894E+04 3.79793E+00 -3.76200E+04 4.17231E+00 -3.37029E+04 4.17231E+00 -3.37029E+04 2.71975E+00 -3.38704E+04
155 CC(=O)C(O)CC(=O)CO 4.14694E+00 -5.60129E+04 4.10765E+00 -5.39336E+04 4.39895E+00 -6.60837E+04 3.58702E+00 -5.01793E+04 3.62583E+00 -4.86742E+04 3.38247E+00 -5.69396E+04 3.94754E+00 -5.33009E+04 3.94754E+00 -5.33009E+04 1.94055E+00 -4.56701E+04
156 O=N(=O)OOC(=O)CC(=O)C(=O)C 3.71640E+00 -4.46464E+04 3.72001E+00 -4.49572E+04 3.78079E+00 -4.91638E+04 3.47812E+00 -4.06079E+04 3.47492E+00 -4.08585E+04 3.42436E+00 -4.41390E+04 3.71347E+00 -4.12877E+04 3.71347E+00 -4.12877E+04 4.70458E-01 -2.54651E+04
157 OOC(=O)CC1CC(C(=O)O)C1(C)C 4.34110E+00 -6.11638E+04 4.37735E+00 -6.26565E+04 4.84647E+00 -7.75393E+04 3.43229E+00 -5.10226E+04 3.40474E+00 -5.19809E+04 3.11234E+00 -6.06913E+04 4.44506E+00 -6.18374E+04 4.44506E+00 -6.18374E+04 2.90514E+00 -5.58016E+04
158 O=CCC(=O)CC(OO)C(=O)C 4.15944E+00 -5.81990E+04 4.14310E+00 -5.74760E+04 4.43036E+00 -6.79875E+04 3.50755E+00 -5.10200E+04 3.52032E+00 -5.05187E+04 3.32197E+00 -5.73879E+04 4.14886E+00 -5.51214E+04 4.14886E+00 -5.51214E+04 1.67637E+00 -4.33794E+04
159 O=N(=O)OC1CC=C(C)C(O)C1 3.93688E+00 -4.66390E+04 3.97993E+00 -5.00699E+04 4.10351E+00 -5.67918E+04 3.52816E+00 -4.13176E+04 3.47733E+00 -4.39044E+04 3.36139E+00 -4.86347E+04 4.48492E+00 -5.21331E+04 4.48492E+00 -5.21331E+04 3.13848E+00 -4.51137E+04
160 O=CCC1CC(C(=O)C=O)C1(C)C 3.60238E+00 -4.54667E+04 3.62923E+00 -4.71539E+04 3.70871E+00 -5.12391E+04 3.35810E+00 -4.18680E+04 3.33430E+00 -4.31786E+04 3.26992E+00 -4.62199E+04 3.88662E+00 -4.12022E+04 3.88662E+00 -4.12022E+04 3.18007E+00 -4.73088E+04
161 OC(=O)CC(=O)CC(O)C(=O)C 4.74588E+00 -6.97982E+04 4.69212E+00 -6.77867E+04 5.42826E+00 -8.92199E+04 3.42353E+00 -5.48734E+04 3.46005E+00 -5.36740E+04 3.05223E+00 -6.52511E+04 4.27601E+00 -6.76636E+04 4.27601E+00 -6.76636E+04 1.38988E+00 -5.18457E+04
162 OOC(=O)CC(=O)CC(O)C(=O)C 4.56714E+00 -6.52603E+04 4.53974E+00 -6.41339E+04 5.11465E+00 -8.23757E+04 3.51239E+00 -5.31537E+04 3.53213E+00 -5.24414E+04 3.18998E+00 -6.29664E+04 4.15531E+00 -6.20641E+04 4.15531E+00 -6.20641E+04 1.84223E+00 -4.86326E+04
163 O=CCC(=O)CC(=O)C(=O)C 3.49733E+00 -4.34371E+04 3.50867E+00 -4.42343E+04 3.57898E+00 -4.82835E+04 3.41418E+00 -4.16030E+04 3.40370E+00 -4.22604E+04 3.34353E+00 -4.54775E+04 3.96392E+00 -4.34276E+04 3.96392E+00 -4.34276E+04 1.48184E+00 -3.47003E+04
164 OCC(=O)C1CC(CO)C1(C)C 4.14207E+00 -5.67397E+04 4.13314E+00 -5.63130E+04 4.46969E+00 -6.88471E+04 3.48314E+00 -4.97557E+04 3.49121E+00 -4.94595E+04 3.23747E+00 -5.75443E+04 4.38735E+00 -5.60881E+04 4.38735E+00 -5.60881E+04 2.79772E+00 -5.19749E+04
165 O=CCC(=O)OON(=O)=O 3.37334E+00 -3.23500E+04 3.37183E+00 -3.37644E+04 3.37288E+00 -3.25662E+04 3.50385E+00 -3.22333E+04 3.50464E+00 -3.36522E+04 3.50425E+00 -3.24526E+04 3.24219E+00 -3.16863E+04 3.24219E+00 -3.16863E+04 2.06792E+00 -2.64574E+04
166 O=CCC(O)C(=O)O 4.42120E+00 -5.54248E+04 4.42939E+00 -5.59841E+04 4.54121E+00 -6.21713E+04 3.69956E+00 -4.69878E+04 3.68999E+00 -4.73803E+04 3.57715E+00 -5.15493E+04 4.22004E+00 -5.58054E+04 4.16145E+00 -5.42051E+04 2.87509E+00 -5.00678E+04
167 O=N(=O)OOC(=O)C1CC(C(=O)O)C1(C)C 4.18702E+00 -5.62086E+04 4.27176E+00 -6.01444E+04 4.66096E+00 -7.33128E+04 3.45823E+00 -4.72745E+04 3.39328E+00 -4.98951E+04 3.15125E+00 -5.78194E+04 4.38480E+00 -5.59557E+04 4.38480E+00 -5.59557E+04 1.37071E+00 -4.51972E+04
168 CC(=O)OO 3.53369E+00 -2.49214E+04 3.52177E+00 -2.56165E+04 3.52890E+00 -2.51937E+04 3.87048E+00 -2.69261E+04 3.87802E+00 -2.77772E+04 3.87367E+00 -2.72609E+04 3.56644E+00 -2.57010E+04 3.56644E+00 -2.57010E+04 3.51769E+00 -2.54466E+04
169 O=CC(=O)CC(O)C(=O)C 3.83773E+00 -4.75028E+04 3.84809E+00 -4.82481E+04 3.97997E+00 -5.53752E+04 3.59223E+00 -4.43481E+04 3.58020E+00 -4.49363E+04 3.45135E+00 -5.02620E+04 4.11368E+00 -4.51296E+04 4.11368E+00 -4.51296E+04 2.07560E+00 -4.19520E+04
170 OCC(CC(=O)C(=O)O)C(C)(C)ON(=O)=O 5.34775E+00 -8.30386E+04 5.27252E+00 -8.07410E+04 6.88319E+00 -1.17644E+05 3.34261E+00 -5.91428E+04 3.38103E+00 -5.79527E+04 2.74705E+00 -7.44239E+04 5.72711E+00 -8.29942E+04 5.72711E+00 -8.29942E+04 2.02400E+00 -6.37180E+04
171 O=CCC(O)C(=O)C 3.65834E+00 -3.86653E+04 3.66253E+00 -3.97007E+04 3.68347E+00 -4.27157E+04 3.72619E+00 -3.84377E+04 3.71421E+00 -3.93858E+04 3.67283E+00 -4.20593E+04 3.63872E+00 -3.83497E+04 3.63872E+00 -3.83497E+04 2.94426E+00 -3.94107E+04
172 COON(=O)=O 3.46097E+00 -2.28981E+04 3.43948E+00 -2.39942E+04 3.45190E+00 -2.33441E+04 3.29471E+00 -2.14954E+04 3.32840E+00 -2.27926E+04 3.30921E+00 -2.20269E+04 3.46260E+00 -2.34706E+04 3.46260E+00 -2.34706E+04 3.89090E+00 -1.26911E+04
173 OCC(=O)C(=O)CC(=O)OON(=O)=O 4.21149E+00 -5.80910E+04 4.21893E+00 -5.84309E+04 4.53129E+00 -6.97931E+04 3.52952E+00 -4.99943E+04 3.52390E+00 -5.02275E+04 3.31901E+00 -5.74972E+04 4.45205E+00 -5.34174E+04 4.45205E+00 -5.34174E+04 1.95556E-01 -3.52581E+04
174 OC(=O)C1CC(O)C1(C)C 4.25238E+00 -5.19376E+04 4.29150E+00 -5.47198E+04 4.48239E+00 -6.40963E+04 3.57702E+00 -4.39671E+04 3.52983E+00 -4.59179E+04 3.35277E+00 -5.20155E+04 4.35549E+00 -5.41714E+04 4.35549E+00 -5.41714E+04 2.89120E+00 -5.00689E+04
175 OC(=O)C1CC(C(=O)O)C1(C)C 4.37163E+00 -6.17849E+04 4.39754E+00 -6.28491E+04 4.86533E+00 -7.77598E+04 3.36155E+00 -5.07758E+04 3.34098E+00 -5.14432E+04 3.03860E+00 -5.99916E+04 4.50278E+00 -6.46154E+04 4.50278E+00 -6.46154E+04 2.34053E+00 -5.62445E+04
